000010011
100000011
110110111
110010101
010110011
110001001
111011001
100110101
111001001
101000111
001110011
010100111
010100111
110100001
011111111
111111101
011100101
111001001
010111001
101100111
011000011
111110011
111000001
110000111
101101111
010100011
110010001
111110001
110011111
111101111
011100011
110101111
010110011
100111011
110100111
110011001
111000011
001011111
101000001
100111111
001001111
111000001
100000001
100011111
001111011
0000
111000111
011111011
011110111
110000111
111101111
010111101
100110111
011101011
011111011
101111101
101100111
100010001
111011011
001001001
101011001
001101111
110111011
000100001
000010111
111110001
001000101
01011
0011
010010011
101111101
010101111
110010101
111111110
111101001
001010101
100110011
001001001
111111101
110010111
101100011
001001111
111000001
011001011
001000111
110001001
111000000
100011111
011010001
111110111
101010001
000011101
101110011
011101111
101001111
100001001
001010011
101000000
100001101
111011101
111010011
110001101
010111001
011101111
011110000
010011001
011111001
001011011
010000101
011010101
011100011
001111101
011001101
011111101
110010111
100010111
000110101
010101111
111010011
100000001
11101
101100111
001001011
010101001
100000000
100111101
010000001
00011001
111110110
001111001
110101011
111011101
010000111
101111100
000101001
011001011
011010000
011001111
101000011
000000001
001101011
001101010
010011001
110000001
001010011
010111101
111000101
101111101
110110011
110100011
000110001
100101011
111111111
101100001
111101101
110110011
100011011
011111001
100000111
011101101
111001111
000101011
110010001
111010111
111110010
001101001
110100001
001011111
010001111
100010001
101000011
110000111
101101011
101001001
010111111
011110111
00111111
100100111
010111101
101100011
011010001
101100101
101000111
100011011
110110001
111100101
010001011
101110001
101000001
010101001
000100001
01001
010101011
101000010
100110001
111110011
001000110
100110111
010011011
000011011
000111001
101110111
010010001
111010111
000000001
000001111
000101101
010011001
100011001
111000111
101101011
010011000
111010011
110010010
110011001
100011001
001010111
100001010
100011101
010000101
100100000
101011001
001001111
011011001
110101001
000011111
101101011
111001111
010001001
011011011
010101001
11011
011011011
110011101
000100011
101000001
011110011
111001011
111010010
100101011
101100110
100001111
100111011
001110001
101010111
010111011
00110001
010110101
100010011
111110011
00011101
100110100
100101101
11001
001010101
110111001
000001111
110010101
011001101
001101101
111001101
001011001
001000101
000101011
100000101
001000011
001001101
001011111
010000011
001100000
100011010
011010111
011011010
111010101
011000011
100011010
101011101
010000111
010010101
011111000
100010011
001000111
011011101
111111001
000000011
001010101
000101101
111100011
110000011
110110001
101111111
000101111
00011111
111011001
000000011
001011101
100111101
111101111
110010001
100000111
100111001
111101101
001000101
101010101
101110111
110001101
011001001
101001111
110001001
011010111
110001000
110000011
011111001
110011001
110101011
100101111
010111011
100111110
011101011
111111010
101010111
011011001
011011000
111001011
000111001
000110100
010111010
000000101
001001011
001110101
111110101
011000111
111001010
001010001
100110011
110100011
000110101
100001001
101100101
101001101
110111111
100010101
010101011
010000000
100111111
001011101
100100101
010100101
011100111
110110100
111111011
010010011
110100111
000010011
100111101
010100001
001111001
111110100
101001111
10001
001100001
111011001
101111011
100100011
111011011
001101001
100110110
111011100
011000010
011000100
001001110
111101110
000000111
000101000
100011101
011001010
100011000
100100001
111011111
000110100
100000011
100001011
111001101
000111011
010110111
011011111
010011000
110100101
101011101
010001111
011110001
110111100
00110111
100101001
001010100
101101001
110000001
010111000
010010100
000000111
110100110
000011001
101111011
110110101
11100
010010101
100101111
100000111
00110101
010100111
001010001
101010111
011101001
110101101
101000101
111111011
111000010
011001010
011001001
010001101
111101001
011110101
110100111
110001111
110110011
100010001
000100101
010000001
110000101
101110101
100111111
111101101
111101100
100000010
111101011
001110111
00011110
100011011
011010111
110000001
010011111
001010010
110011010
010100101
111000110
101001001
011010011
010000001
011000111
011101110
110010110
001011011
011010001
011010000
011000001
111110000
101010110
011010000
010110001
100111001
11010
011000101
101101111
10011
011110011
111101010
00111000
100101101
011101110
010010111
111110101
110110000
100001000
001100011
101111111
000001110
000000000
001110100
000101110
111000010
110101011
100000101
110011000
011010011
011000111
111110100
101111001
101100000
001000001
101100110
101001110
111010101
110101101
110101100
110001011
100010010
110101010
001010111
110100101
011001111
001011001
011011101
100100001
010101110
100101010
000011001
110110101
111100111
000000000
000110111
100010010
000011101
010100011
00111101
101010011
101110000
001000001
110010011
110110101
111111100
010011011
101111001
011111111
010100100
110101111
010011100
000111011
000100100
110110110
010000111
011001111
101100010
101101001
011010100
101110000
110010100
001111111
000110110
101111100
111000111
101100001
100010101
100110001
000010101
100011101
010101010
110111011
000010010
001011011
011001011
010010001
100010110
111100110
100011001
010100011
010011110
011011000
001010011
101000100
010010010
001000011
100010000
010101101
000011110
011101111
010101011
001100001
00010001
001001011
110001011
011001000
100001111
110111011
001110101
11
111011000
101011011
00111011
011110111
011111110
001000001
100010000
111101100
110011011
101101101
101110001
000010110
100110010
011111010
010010100
101011111
011100011
111001110
01100
101010101
001001100
110001000
111100001
101011111
000011000
010111001
000101111
000110111
00011011
100100101
001100000
001101000
001001010
010010110
001011010
011101001
000001101
000010001
111100001
101010100
111011100
000101100
011000110
101010000
011111000
011010010
001000100
011100010
111100111
000101100
101110001
001011000
100001001
001100111
101101010
00011100
001010001
000010010
111011111
111000110
01
011101010
110101001
110001110
111000101
110110111
110010011
011011100
010000000
000000010
110011111
001100101
110101000
111010100
110111111
000111101
000111010
001110111
010010011
101000011
011110100
111110111
110110010
011100001
000000101
011001101
110111101
010001000
00110011
110101101
100100100
100010010
011110001
11111
101001001
101111110
110011000
100110010
100001110
001111101
100001011
00010111
101011000
011111011
100101110
000111101
001100011
011100001
011011011
100000001
000000010
010000110
000011100
00010000
100111110
110001000
110011110
011100111
101110111
111100011
111100100
110010011
100010011
100110101
110000101
110001010
010111111
100001101
111000011
011000100
011000101
010001111
111100100
110110001
001101101
010011101
001000010
001101100
000110001
101011001
100011010
110101010
111000000
111001111
011101001
000100101
011011101
101010001
001100111
011100111
101010000
110000110
111100011
110100110
010010111
110011111
111111111
101010011
010111000
111011110
001001000
111100111
011001110
101111000
001100010
000110011
011001100
111110111
110101010
110100001
010011101
001111000
110101110
111010001
111101000
101101000
001100101
010001001
001010110
010001101
010011011
110001101
000010001
110001011
110011101
011010101
010111100
001111011
110011011
110001100
110000101
011000001
010011010
000011011
110111010
110001110
100000011
010110001
110000100
011000001
110101100
010100100
110000110
111010101
101001011
100010111
001000000
110010100
010101110
010101101
101001000
00111100
100101011
011111111
10010
000110000
010111010
010001001
110111110
111110101
101010101
000001110
000000110
101011100
001110010
001011101
000011010
011011001
00110110
101011101
110101110
001111111
010110011
110001100
001001101
110110100
011001001
011110101
001001110
101100011
010011111
100000000
100101101
011011010
010011111
001110001
010110111
101001011
110100010
010000110
100100111
001100000
100001000
110011011
110000010
111010110
111001101
101100001
111100010
111000010
001011100
001010110
111011111
111011000
111000101
011010110
000111000
100101111
110100101
011100101
101111011
011100110
100110001
000011111
000010000
001011110
100011000
011011100
111110001
00111110
101001010
101110000
010100101
001010010
010001011
001010110
100011110
011111000
000100000
100010111
111000000
110101000
010101111
000001001
111000011
110101001
100001011
101001101
101011110
111111000
010100001
011101101
001110110
100011100
001001001
101110101
010111011
010000011
101001100
000001011
110110010
011111101
000100100
001011010
111001001
001101000
101001011
010100100
011110011
101100100
110000100
010110010
100101100
011100100
100110101
100100000
100010101
010101100
000100010
101010010
111110110
100000110
000000100
111001110
011100001
101011110
110001010
011011000
000111010
001000100
011010101
101000111
011001000
110111001
101100100
101101101
101110010
101010010
000111111
100000010
101110100
010010110
101000101
010011010
001000111
111111100
100100011
101010011
111001000
010100001
111010001
111010100
100111011
101000101
000011110
10111
001100110
000001001
101111010
111101000
000101110
110010000
011101010
111110010
101001101
110110010
100000100
101001100
10000
100100110
010110100
100111001
011010011
100100101
101111111
010010101
000100111
011111100
101011000
001110000
100110000
000010101
010100010
011111100
100011110
011001100
010001011
111110000
010001110
100001111
100111000
011011111
001000011
011110100
111000100
000001000
010010001
110010010
111110110
010001000
000001101
001111110
010000011
101011010
011111010
110001100
011110110
111111001
111100010
001010010
011100010
110111001
100111010
010011101
101100101
111001100
011000101
001101110
100001101
111100110
100110110
011100110
101010100
000100011
101001100
001111010
110110100
00111001
01010
00110010
111010110
100101000
110110110
010000010
100100001
011110100
011001000
100000110
010111111
010100110
100100000
100011111
110011100
100001010
011001110
001110100
100111100
110100100
001100100
011101000
101011110
011000000
100111010
111011010
111010000
101001000
00010101
100001110
000100000
101110110
010010111
111011110
100010100
100101001
010011110
010111110
010000000
100101000
110011100
001011110
111100010
010100000
000010100
010010010
110011110
000110000
001010000
101110010
010011100
011010010
101111010
010001010
110100100
101010110
110101111
111110100
001011001
011111110
111010001
100001100
101101100
111001000
110010010
100001000
111100000
101000010
101101111
111111001
110011110
010000101
010111100
100110100
001010111
010010110
001001000
000101001
100010110
111001100
010001100
100011100
011101000
011110000
100101110
110011010
111101010
001010000
010101110
100011000
00110100
101110110
111100101
011000000
001100100
101101100
111111000
100001100
111010000
101110011
11000
110111110
111100101
110100010
101101010
000011000
111011011
010100110
100010100
010000100
010110000
010101010
111000100
010100110
001001100
110010110
011101011
101000110
110000100
111111101
000100111
000111000
010111110
100110011
000111111
100100100
100011100
011000011
011011110
110110111
010110000
101001010
101000010
001000000
100000101
101100000
000001100
011110101
111101001
101011011
111001010
101110011
110011101
010100000
100100100
111111110
00010011
111111011
010110111
010001100
111010010
100101001
101111100
101010010
100000100
010101100
100010000
010110110
101101001
001000110
101111001
110111000
11110
101110100
101101101
111111000
000110110
101111000
110000000
010001101
0111
010011000
001111100
001101100
000001000
000010111
111011010
100000110
101110010
111100110
011110010
100101010
001001000
100001110
101010001
011110110
001011000
001011100
010001100
010010100
100101010
100101100
111110010
011010100
100111010
110111101
101111010
011010100
011101100
001000010
000111110
001111010
010110001
110100011
110111111
100110000
011000100
001100010
110001010
001010100
001111000
110010000
010111010
100010100
111010111
100110000
111111100
111010010
111101011
010100010
100101110
000000100
010010000
101101000
010000100
010110101
100100010
101001000
010001000
001011010
00010100
110000110
10
010111000
001001010
011000010
111011110
111101011
110111010
110000010
000111100
111001000
011000010
101100010
100000000
110010100
101010100
101001010
011110001
001011000
101001110
111111111
011011100
111011000
000111110
010101000
100111100
011101101
111010100
000001011
001101011
001101010
111001110
111111010
010101000
110110000
011101100
110011100
110000000
100101100
101111110
011101000
010010010
010110010
110111101
010101101
110100000
010001110
010110101
111101100
101000110
101000100
100001100
000011100
010100010
111011101
110011010
011101100
100100011
101011100
011011110
010001110
010111110
001000110
010011010
001010000
001000000
111101110
010110010
00111010
110111100
100110010
001110011
001111100
110010111
100100111
011110110
10100
100101000
110011000
100110100
101101100
000010000
011110010
111001011
010000010
001011100
001011110
101011011
100110111
101000100
00
000011010
100001010
101101110
101110101
100100110
101100000
101000000
00010110
110010110
011010010
001010100
011110000
010101100
010101000
101010110
110111100
000001100
10101
101011010
110100000
111001100
110100010
010110100
111101110
111111110
010010000
111111010
110110110
101000000
001001110
110001111
100011110
10110
011001010
000010100
100111110
100111100
110000000
110000011
110111110
00011010
101100010
110000010
011011110
011011111
101111000
110001111
101101000
011100100
010110110
011100101
011101110
010101010
010111100
000110011
110100100
010001010
110100000
001111110
101101010
101101110
010000110
011100000
111000110
111000100
000101000
011111100
110101100
001001101
111101010
101111110
101000110
001000010
101001110
001000100
011111101
001110110
100000100
110001110
000100110
110101110
011100000
011010110
111110000
010000010
000111100
011000000
111100001
110110000
111100000
011110010
011000110
100010110
011100110
000101010
101100110
010100000
011100010
111001010
110111010
111101000
010000100
010110100
010110000
011100100
101110110
110010000
000110010
001101111
101010000
010001010
010110110
00011000
101100100
100110110
110111000
111100100
011100000
011111010
101101110
100100010
001101110
001001100
01000
010011110
100100010
00010010
101011000
000010110
100100110
100111000
111011100
110111000
101011010
011011010
111010110
000101010
011000110
101110100
0010
110101000
000001010
000100110
001100110
001110010
000001010
111100000
011001110
100111000
011111110
000110010
010011100
000100010
011001100
111010000
001001010
110100110
111011010
011101010
101011100
001110000
100000010
010010000
000000110
011010110
